50
3
12
12
42
36
28
3
4
49
26
39
37
11
8
14
47
5
18
19
26
41
9
6
41
18
34
6
42
21
23
42
23
35
5
16
20
32
21
24
33
46
12
19
9
21
34
5
25
1
26
50
44
34
6
34
3
39
39
45
10
12
38
34
48
42
50
17
24
20
40
8
17
3
26
25
23
9
32
48
12
9
49
5
42
4
38
47
45
29
43
6
42
30
41
39
23
40
7
46
11
47
3
30
1
30
6
26
41
37
25
2
47
23
8
39
29
45
37
23
25
29
30
18
10
20
6
32
12
15
30
24
13
34
3
13
14
9
38
4
47
12
7
44
37
14
34
15
10
22
37
37
2
18
4
13
37
12
44
48
26
25
22
38
9
26
50
24
36
40
29
35
3
37
28
39
50
13
3
11
36
41
47
37
8
1
49
47
14
44
44
39
19
17
26
29
45
27
2
30
16
32
14
19
18
43
9
19
7
14
31
42
4
30
28
14
32
28
10
45
22
5
33
42
24
8
20
18
34
23
47
2
4
13
22
23
5
30
43
14
43
23
5
49
2
35
14
33
14
23
27
37
29
11
28
2
18
47
19
4
19
18
7
24
32
28
48
38
9
40
1
4
13
8
4
16
44
17
49
7
39
27
44
19
38
21
21
7
20
41
12
40
10
18
14
41
47
13
29
6
3
29
11
17
38
14
32
31
30
32
38
20
11
33
38
48
3
10
6
24
1
18
14
12
37
29
3
34
41
31
41
43
11
1
11
49
14
43
29
45
26
18
14
36
50
3
35
5
13
43
28
15
12
41
26
48
21
28
31
12
10
21
6
21
23
19
21
36
11
49
32
38
17
47
26
18
50
12
22
14
4
50
28
15
42
5
15
15
35
47
26
44
18
33
16
42
1
36
28
13
37
11
3
5
8
28
22
7
41
46
22
47
47
49
11
38
5
27
2
39
24
29
35
43
14
50
34
14
38
13
29
24
24
31
30
31
10
3
39
50
48
10
46
44
10
9
34
14
35
35
5
10
16
39
2
29
40
36
44
27
48
24
2
21
4
33
3
15
36
41
17
33
2
12
27
11
22
10
27
9
46
33
18
13
23
22
43
12
7
37
41
6
12
44
29
18
27
31
32
12
24
48
44
27
12
22
40
33
33
18
43
29
50
11
41
22
32
34
35
40
22
25
45
33
19
25
50
47
8
34
8
33
31
3
9
44
27
48
29
9
15
21
39
14
31
30
37
14
15
22
5
38
46
2
22
16
26
22
12
33
7
21
15
39
26
24
33
2
23
11
12
40
31
1
5
14
30
42
29
46
13
34
33
10
35
4
28
12
27
41
47
35
14
11
24
39
36
6
42
11
18
3
50
50
3
4
13
34
45
44
29
9
27
13
21
13
19
50
26
47
40
22
32
5
35
7
43
20
14
36
32
31
39
31
30
43
35
45
27
31
38
7
42
14
22
12
28
42
13
3
38
2
27
21
7
11
27
1
30
40
37
12
20
27
44
2
21
30
46
49
11
33
6
4
48
29
15
27
20
27
31
9
30
7
30
38
17
8
39
49
48
27
12
19
5
5
22
25
35
17
24
47
1
31
50
48
9
16
24
30
42
5
38
23
11
17
13
30
25
1
28
24
29
39
44
35
43
16
11
29
32
36
25
35
16
24
32
26
39
8
5
32
14
43
5
26
11
17
5
37
19
32
10
49
22
6
35
17
21
45
45
4
31
20
38
46
43
22
24
32
29
28
15
42
22
21
19
35
37
24
21
7
7
33
7
31
38
41
47
10
38
41
13
18
10
3
15
5
24
38
38
4
18
2
47
41
23
15
25
11
40
46
20
49
30
28
29
19
19
25
28
6
17
42
25
29
44
39
33
19
29
22
22
48
25
18
38
47
35
15
10
24
12
31
24
41
8
2
9
26
28
36
33
45
27
9
23
23
48
7
41
28
28
13
25
2
32
14
1
16
28
12
42
39
42
15
31
49
19
39
27
46
26
11
42
3
20
14
27
19
22
17
46
1
31
22
5
15
37
5
30
15
18
23
5
9
40
36
9
8
24
35
5
50
46
47
4
15
12
30
35
34
48
30
34
29
3
38
45
39
44
26
5
11
49
12
21
40
47
30
49
22
16
3
23
11
49
28
27
13
9
11
46
7
42
31
37
46
21
31
37
14
6
41
27
6
2
49
45
50
28
43
22
44
48
46
6
46
24
33
10
32
45
5
38
39
38
26
36
8
8
22
23
14
15
49
21
18
48
16
